1.0 1.0
1.1 1.0
1.2000000000000002 1.0
1.3000000000000003 1.0
1.4000000000000004 1.0
1.5000000000000004 1.0
1.6000000000000005 1.0
1.7000000000000006 1.0
1.8000000000000007 1.0
1.9000000000000008 1.0
2.000000000000001 1.0
2.100000000000001 1.0
2.200000000000001 1.0
2.300000000000001 1.0
2.4000000000000012 0.98
2.5000000000000013 1.0
2.6000000000000014 1.0
2.7000000000000015 0.99
2.8000000000000016 1.0
2.9000000000000017 0.97
3.0000000000000018 0.96
3.100000000000002 0.95
3.200000000000002 0.95
3.300000000000002 0.95
3.400000000000002 0.86
3.500000000000002 0.91
3.6000000000000023 0.91
3.7000000000000024 0.92
3.8000000000000025 0.9
3.9000000000000026 0.78
4.000000000000003 0.76
4.100000000000003 0.72
4.200000000000003 0.71
4.3000000000000025 0.65
4.400000000000003 0.62
4.5000000000000036 0.62
4.600000000000003 0.54
4.700000000000003 0.45
4.800000000000003 0.51
4.900000000000004 0.47
5.0000000000000036 0.42
5.100000000000003 0.4
5.200000000000004 0.37
5.300000000000004 0.26
5.400000000000004 0.33
5.5000000000000036 0.24
5.600000000000004 0.2
5.700000000000005 0.18
5.800000000000004 0.26
5.900000000000004 0.23
6.000000000000004 0.17
6.100000000000005 0.15
6.200000000000005 0.12
6.300000000000004 0.1
6.400000000000005 0.09
6.500000000000005 0.1
6.600000000000005 0.07
6.700000000000005 0.06
6.800000000000005 0.04
6.900000000000006 0.09
7.000000000000005 0.05
7.100000000000005 0.04
7.2000000000000055 0.05
7.300000000000006 0.03
7.400000000000006 0.02
7.500000000000005 0.02
7.600000000000006 0.03
7.700000000000006 0.05
7.800000000000006 0.02
7.900000000000006 0.03
8.000000000000007 0.01
8.100000000000007 0.01
8.200000000000006 0.01
8.300000000000006 0.03
8.400000000000006 0.01
8.500000000000007 0.01
8.600000000000007 0.01
8.700000000000006 0.0
8.800000000000008 0.0
8.900000000000007 0.01
9.000000000000007 0.0
9.100000000000007 0.01
9.200000000000006 0.01
9.300000000000008 0.01
9.400000000000007 0.01
9.500000000000007 0.0
9.600000000000009 0.0
9.700000000000008 0.0
9.800000000000008 0.0
9.900000000000007 0.0
10.000000000000007 0.0
10.100000000000009 0.0
10.200000000000008 0.0
10.300000000000008 0.0
10.40000000000001 0.0
10.500000000000009 0.01
10.600000000000009 0.0
10.700000000000008 0.01
10.800000000000008 0.0
10.90000000000001 0.0
11.000000000000009 0.0
11.100000000000009 0.0
11.20000000000001 0.0
11.30000000000001 0.0
11.40000000000001 0.0
11.500000000000009 0.01
11.600000000000009 0.0
11.70000000000001 0.0
11.80000000000001 0.0
11.90000000000001 0.0
12.00000000000001 0.0
12.10000000000001 0.0
12.20000000000001 0.0
12.30000000000001 0.0
12.40000000000001 0.0
12.50000000000001 0.0
12.60000000000001 0.0
12.70000000000001 0.0
12.800000000000011 0.0
12.900000000000011 0.0
13.00000000000001 0.0
13.10000000000001 0.0
13.20000000000001 0.0
13.300000000000011 0.0
13.400000000000011 0.0
13.50000000000001 0.0
13.600000000000012 0.0
13.700000000000012 0.0
13.800000000000011 0.0
13.900000000000011 0.0
14.00000000000001 0.0
14.100000000000012 0.0
14.200000000000012 0.0
14.300000000000011 0.0
14.400000000000013 0.0
14.500000000000012 0.0
14.600000000000012 0.0
14.700000000000012 0.0
14.800000000000011 0.0
14.900000000000013 0.0
15.000000000000012 0.0
15.100000000000012 0.0
15.200000000000014 0.0
15.300000000000013 0.0
15.400000000000013 0.0
15.500000000000012 0.0
15.600000000000012 0.0
15.700000000000014 0.0
15.800000000000013 0.0
15.900000000000013 0.0
16.000000000000014 0.0
16.100000000000016 0.0
16.200000000000014 0.0
16.30000000000001 0.0
16.400000000000013 0.0
16.500000000000014 0.0
16.600000000000016 0.0
16.700000000000014 0.0
16.800000000000015 0.0
16.900000000000013 0.0
17.000000000000014 0.0
17.100000000000016 0.0
17.200000000000014 0.0
17.300000000000015 0.0
17.400000000000013 0.0
17.500000000000014 0.0
17.600000000000016 0.0
17.700000000000014 0.0
17.800000000000015 0.0
17.900000000000016 0.0
18.000000000000014 0.0
18.100000000000016 0.0
18.200000000000017 0.0
18.300000000000015 0.0
18.400000000000016 0.0
18.500000000000014 0.0
18.600000000000016 0.0
18.700000000000017 0.0
18.800000000000015 0.0
18.900000000000016 0.0
19.000000000000014 0.0
19.100000000000016 0.0
19.200000000000017 0.0
19.300000000000015 0.0
19.400000000000016 0.0
19.500000000000018 0.0
19.600000000000016 0.0
19.700000000000017 0.0
19.80000000000002 0.0
19.900000000000016 0.0
20.000000000000018 0.0
